16215694110432392114082
1771958424679299276053
13226118010493636097053
31821921419840838481056
144102134070696568102098
33017718616482441660084
26121325217280030448037
18334510024041691254087
33616894218720872125113
23430312625041661648081
21630919613648049642056
12312325214829695257063
345138194138816576117050
1682886619626459249042
23717798190400848123116
29735116810875258445067
12931220411287235294075
15333620420656889672039
159315126238864720108056
35125511218094468851062
15619513610681699268089
35113823409253640057102
147252198146552272107115
36011414018039256052067
156285114148784344111073
2761657218032869657107
26433012222439271254117
13820723821268042434046
36315613213469680055097
177228238110360360119060
18310823213641640053071
246174126164392928109041
15029717613055256063096
31515017413461687298061
16510821023276889659076
14436022607253692094063
3211449407640861676053
15036020415833660061037
36615694142100036097073
192303134144704624100052
29120411217061633657061
10529413219632070473050
23116818212278485648095
2131507014281642456102
12617186154400848120055
366258242082808784112055
35731221411232052048043
29420721215895244839056
13236323819040893672105
17119517611836047253114
162366164078408440116111
11117723610241683288065
1291837812464887273051
29724315811244878490078
31219824410676896048039
1623638810048091287090
29114410210256863292122
270177246090736808120057
108159122118800624111094
249168130148480520119103
26728513214850430450102
17720422806827244051126
18618921619842427284049
20124925211480844058033
30310296108401008103079
37830321617428032055057
159264206188272416109107
29115972112784664105078
28824320810456848056068
156237132234624336126077
2403729209696854440086
30310810414074444089121
14136315614441680847062
16226122815630441658110
22816822209239242434046
1472109423483287295055
213114206232696688107054
2611687218261656894100
24634516015496096860048
32126418611286462444042
36327011221048876099118
12927916009677645645090
33319212409045677685061
30911119817245634457051
309195252104664368122100
16223122211042492045085
135327104152336344101080
30921915810839280078111
339258112098520808109105
345369148108100828050115
333147116156624992110088
3242557807264059257053
240333106170100836082117
12921698136880400122069
11422824209654463253050
204234128228576848112050
16835113823481670490045
14710211012029692865113
144201130076320592107044
348216110074456392109079
324225194112664592105051
1591988424295298446058
32424319611060076833102
26718315422095244897076
28236619613082443245050
35415310619667274443079
12027617810436857695120
297324102138784800124051
15933396240704280118064
15311122807480887281108
12623710221244048088053
29129788196320400126074
36915012815034452035107
369261172222808448101054
25236016010244880845053
32115023013644894464071
18913213010253682447059
19824920616040893655052
291219156244384360104054
32112917619626441657052
2553726806874479248048
14430013411448088883070
14735418209657629698122
12016811819285632891073
18334222615089688890056
34515910624243259239048
15319223424690448865044
15633911420468895253103
30614418217040084044068
31216215818286444058122
34237222418039233652096
15023422009482445670120
3691898220267296057047
23715910613236900097089
21024623419244866456077
294165224114624816105050
234108234124560984121056
16524921609894435259078
14716211606854487253107
30337223606641663250056
20716823409644892089069
11423118624096841636050
348228206104376328100089
16223424417626465668066
25816217621641642446097
24015920610846487252075
240150106074440944126085
2013399006851288049108
21620413222660828857041
31834216406650436889055
141228196100664280117083
363309172102296296103044
22816824024096048087096
27635117619454436050054
11436020407639297684071
1921506825266443273101
294231102232664432120064
336150102216832552106069
30036016611043288838110
15333316417854482436095
30923115020260840033035
11416517806676066476109
16835716216695284048033
264159144172424640108058
26411711218864086454040
201156250090280272119050
13811116813480085665056
15029710220089662433098
144324134106440288120087
111141202106665000108086
11714116623628891274050
22233023824877680839057
36326416608844054458051
26736310214690450485058
207342156104336432119090
15317766096800808121088
11414721609029648870120
3752169613828837666099
20430998152584512104105
138312112248584528100073
25515616809680884837054
138150174108800736103084
36335717011071263249035
159195204090272824122094
35724688122552648109053
35421911010631284852068
31220417007270498456035
1261238220069650449083
357099108142936760100033
15334823222485656054053
27614413207872881636119
162240124090344720111117
31221020415845644038100
15032717220292045663073
30617415022644047284100
27026421608499288856076
3571957413895233699054
29413514810042433669089
17733025011863237652108
2611147419628043286047
204135118172944416122062
22523712417242496093046
32118321017840832081042
123357106224696488120068
34515621210664828863121
16224022422660050494062
3183728819880826448075
21630910809891260086042
3783189023831240067119
37534816223837645636118
10813220414468864853108
2013248422436828086055
16825210420890460844058
19217712424057639277067
162114150202576640101095
14737816220642481649105
27932120410896070463054
204258118114272448110092
21015316607067235297111
15911122813291264884041
19234823415093648076054
26733011010040836876107
16531216024287299236034
360144240102976632110077
28819219416882444852072
35119218024857632049110
3093067019670440882094
29435710013857640850120
135228126110912664126093
21319523219470442450052
17126170096560552102082
23721012808084093699050
306204120228784296124052
34221315211228075253087
15930614011233643278060
327207142214664448106061
144132102140536648121034
14131818010838452846079
21930314812082468057058
2041686621279283249068
13832411210257672066041
33631810013840851238068
26124015221895235251034
18010510423054482443092
198159210084728776102100
11109922211248079268117
324186170214100064053082
22533624008078440847067
15916224410892886478117
19209916418890466454076
3661959611260039265082
348153212100632640102091
18918018420090452075053
20733317012649700850054
12311719606856041655036
19809921208042491250124
2191087620827255272053
2372497819648860854074
15025221215285650469125
16231816408485670466065
111354108098960424116070
1383066624039236075113
1892439010039292089088
1292616814461628849114
330354102130100894485054
16511723420270448065107
28529725020245636890056
153108128180432872100119
342108136114100832875037
25215023423047255235106
144351156138264640103033
33016520220074495265050
1593608217861633657036
1441057814628084077095
1893306817280839290067
32728817615298457645056
252252202084392872106085
2883487613888040855057
267303222190392264103114
30613280198392400113066
19835722810280838468090
15335417617630449655036
141234212102736672109045
35118310414833630497083
15933611407256899286058
27623424607851293649034
33931817608666428056038
147234140128816904111041
25514419420842477695101
14722522010638484040121
32127011609838490490119
3121326609636895251084
36921620612452045694111
32123715407244040854070
24937223420436060854056
10534211223887234484073
14125821607472040852116
32127012007852852052073
27312320424253687250102
30024920220841691254069
159234176238608368115083
30913210413263256851091
23115923208877639266050
375132100216720520107122
18631516016496834448057
1472347214687281672063
26720424820840839277073
14732717810856852885052
27635111216879248873060
345162188156288376113053
26416513011068844098057
3662196612240040872048
35421018620230456056055
28829415410444052885056
18012920411454452878072
34836914608297640039073
19517121222092851254126
11413215410660886452080
2912439810666488035116
216153184216448456102065
10230924224242478467059
16824022419644884091039
12011113009084038450090
31516811810432870489111
17131514814076080045113
171132140068392552109045
19533011016248067249117
20429715414841696894051
34824372208544272110053
35115324022447268881055
26116523618860885655102
16515613411887245646042
189147110180584560100057
18914424211885653696075
14114417425037678485094
33314719609829668870087
20127923011886434449069
21310522825043283270097
3121718616051252044123
17125217018236079297046
20429411619497642482067
12610519022469644870090
29717110414649648082109
24036019411030440056068
13232119208060044076034
15933384136872928104057
1593009816471239241093
25225810023875292033105
216270148226312288106049
17715011824448891265095
16531519018053640848100
35135118619059251234050
35133915410272845647100
22223722611648840039077
2253309812494490463070
16210513823048040039074
1563367209058436097076
303225168160624416114046
35725219612640050484083
15912312215044086490093
15619823013463289637046
15623111011466488853060
159249208104544512114051
213270226098649000124053
21918088172392808106056
18930914021259240081113
16230623408273654433060
36333924413858436857039
17118922012640067270086
2582859419465640085062
32415620221856855244125
204105150094584848116048
36035112416477665661056
10827312423840060857056
20715021221056042457077
318120106070312712115114
114165182230816512122086
36916221209828884874073
3332107808649697663056
213246124108608960125062
17723412211448089635070
26730016809844881687059
28214722023839232878122
15310223813268095292042
34515915819668050473052
14422517018891236843086
189264108192664336105102
15632716013074448859120
3541417217677669654103
195303136212320672103056
31215994176408888121037
1892078013891263238057
1561179217673684055073
153300156158408496101050
13825210409241684849121
15031820215434441647075
24937210609496888068093
1652287625288843252107
33332710007427247289080
25821024410244863273118
201165100068100855281109
24626120023296050450104
246150150110496832113049
16232421620845642454082
16822224424657627298051
21018923223069638457047
10835413022058487249105
21016520223446443280054
168234146066504816122044
37215918020830492034119
29429110609048896872070
2131807215837687248085
36030323010057645647051
159360116150392616106115
177327170102896728115055
114240192190624440104093
12337816415852073653114
246204170116848408123114
28534814416492063234053
29137215024026442438079
150102110160464512103038
12015916212241649654099
13829415010662462466081
35421318021240872043100
13533323210488871274115
18315915011295292063074
16836922022648051278112
9914710012228069633101
15936670204648496122063
24630622216644848037083
26415311020028884864115
297177246200976408113085
3511627624040037645088
35724010211675288841117
17127617410447281667084
26731510209493661656113
1111719416486444837038
24025221622233641690079
21934221609679232086050
14434214614276033648072
21915912407062496884071
29136912621444868898056
1442919407868868839061
1442647811033697679103
12618311010268093692054
165354132188904328117113
15625516424836838493110
24626721821692043270038
21914788218552536116114
231288136104264720100119
1622649822096841650065
35421690076400704104101
1441779615241682491052
36016524212258461679034
37817416025244899235100
19819511223036040040096
2522107419268896852053
333207106184520728119037
192213242218400416106048
11726720413228844098124
24913872074432432103060
20437521414432844056099
279216118068720384122082
159312232146296384108098
2702619811488090476093
19510514010852031297069
17727315610479284076119
2491718215286474453051
11115022008468891250075
23414722408056096039070
333291212096592480113084
31224310610632036082044
11715320214834497667041
23424317023226454454093
309240148100848280117088
3331149410498478477057
342324116150552432114046
19536312612294472848065
32116213415485682453115
31226714421443254450102
34510810811664031285038
342231122180712272122056
18321312610692055268091
360243110082584352115077
22816523409878434490051
37524023811268830480099
126165146174456400119090
29116221610270431236081
33915016606683296055116
16225872208944552109039
201300186072280408109111
105261222114912456103114
17719510008672044834117
3541479823642456867049
33323410013673662461054
15637814809861684833084
11715010410634485682122
177102140198360624121057
162162102230617000100092
14412017607286457669039
14413210022282468094081
162162128070904584114121
30329722222472067252053
318243164110696336103051
2492558015864831256103
24616510013428887269079
16518014422896100865115
36915621423257672888059
237141240084544392114107
9925217223041669651041
15635711009855284866068
30916820816085678471054
37816512823642482464088
16815621024092048075088
2073009821232063250058
12036613610634435275082
14432196140808832106068
2581539611692828077124
18033098208376288120083
18924324217644068053051
30915311211837654472103
30615915217044890451079
24312618622452848879050
29721019810084059255053
22810220010885650498072
3451179807227231277115
3121568419485637674057
1083396618077628052049
16521011412492047260036
3242979610070468863068
15030918609648862450082
29422572114384720125122
1682616624294491284048
26129419824686440050033
25233622425242444887053
11734810012269671284046
13216213412888832061114
9918920613439296035119
273198114078736304101056
15620110621040066448109
132216106106480944125088
10835713421442458445051
23733025016043236890098
24020423413039245660064
26413510213689662465054
34526113820630428053051
16833318210471238472090
16534514411039260097065
33927610419470444883035
20435110615698440862057
31826713422068067256056
13226410410096088073053
16209915611096048082060
20714715816842457686116
33319513809250469665053
120372204112464880126066
204162228090496608100049
21016211022029665694098
348258250124816552106054
21635768094936560103050
11425524222882440852094
25529716624441657663037
1683548821680054467108
10227024206696883257103
3212229808679256052078
13824392072456832105105
315168224132736440111086
35412020823082454477050
15934510817061680899035
29127910214427293673072
23725510211450496085057
34223721024844831241115
18931814824480036052062
34513811213083284097089
252252142100432472114119
225129114248424952100106
36021314614668096849049
27934210423881632069071
17134211411250452068079
3272379615688837652057
993399616288055238100
348252154076776384100068
23734815211459232049119
18931210415629627292086
1563187611232880871103
27634514614888044849068
27012911220836848076121
177228108104392632116067
2731896610239279290048
30910817615040879286083
21319519225085639243115
26111411021260852046072
3122198410476056899073
15931219015051276845062
366231124106960416117090
1951509817878491246086
15620416017688878442098
36615623613041642485108
165201208104712488113113
23133020815883238452049
35137522206642455285067
26115922612632827295110
33027922218058440854105
330132122230344528105049
33031214213036042455090
16833911019870495248076
360279202162440400105036
12015623417232840058071
21637218619280838444100
19237223616437692061049
16822210213681696040083
1441627608243292085102
16814421822871284080090
201159104246296528110057
17134825214092838471052
33020114221845700049049
23416816812440883288115
13529186178336392120092
30030310408670468071056
15912013220640033681084
31532423621440900880059
3662678408868858456122
15612310615492879285033
258114162188448424102071
34816512816096064893108
30021919409847247279070
141231158090432928114083
2611868209636883235038
177144130106880624117049
9922511010484844048070
1442288206868863247115
24912924810885655255054
12916815012292044882047
171330158134576368114120
3212409610251281667053
180243132068408320108064
33022517616240038453050
14709910013440047277105
37215924420859272053058
318120190192608416123092
34229411423427244890041
120195182206320400104057
36020710814292032835097
282174240242392408106083
25229110619832052836101
12019524415038488072115
14737815823440879290054
30023724010694437642048
333375182102392848107066
1892439220684046489055
20732712013650458447055
354267196102296432119066
33016510215842452071057
29720723611292045634074
29717116419043280085058
1233099614840851252107
252189186068896400102124
15912011017673641660102
1321687610864052047101
12935710824261689642099
231159172090312624117119
1292168615245641653112
23410210420688856080100
1773248618860869669055
144201144138344928117078
2192018416451280848116
21618024211433646484112
16223112221482452043117
15018316824241663233103
15326423420833697644054
29733316012432882461048
1591446822032847282053
17112022613639276056064
300165102068600872123078
17410214413877640836089
20130022206628082457099
23118910608488877696110
1682077220684047298122
288243104100672760109122
15914724419642459266099
15612311806856092074062
12932713422057665655069
16234213422082494464054
15924310219079280033078
36312013408688900056120
2402079822473671263106
15615923014063244845061
2523129620033664878054
35711715816070448897054
192267158102416472114045
105369232130672480115052
9931822210444832084038
15911778120696368121085
30012920412240029635073
18626114819060846449101
22231811420475255250040
9929717209427279297055
33920720210495261640054
1533069415283271244082
25213296102528624115067
22830016818641690458057
17124910813265687253081
144303188134352320107119
366144204102568432112090
26130098066472808112067
20115917219692078455084
15333614013084892048100
1231358211284059249090
24022218818841633652105
22512019415033690450117
37233910823036885649083
11411712415885648057064
33923420411472027288121
15322221421240060062055
12330320007490458468057
2192947624683240886121
36326774140384672111049
375177196176392392125085
26114713216088058451051
15933922616067256846033
23737224417239229638120
23426712217292091286049
102144136108648672110090
21911722210432892882075
228372106088512696110103
31820421409639245685089
3451539609297662487115
1502349220860096096057
375159188166584512110046
23716519815233626451072
19226111223446484897094
32717123213249693688058
14727615419670433633100
15033011208448061669090
249153242072440272125099
3092827220426443287069
33916211207858471243040
15632110410253664874094
1683636613244089649120
33337512818463245690068
23128810617645662446101
22812324025241672068086
3243459808656078472106
16826117022496034474066
276204150192424376114052
243195142102100041678117
23116810225229644888109
28217119619072053690044
16520713022252834494097
1082647416478444043082
3182557817465688076055
354267182112696392107089
17130617019041694497100
30024386144384824114113
29416812219864882436063
18033319816470438487093
2942079807272093667044
23416822620670440858068
294342132108384928118108
31216220010680860096050
31224921619482480050051
15931218010661658497057
25814711622440871247052
16226110609050492897058
28835415416643270433061
19209910023048872038090
12315311221483264054106
19215310219872097677050
33033016414696084055047
33324323216645657656047
16223719808658437651062
156273108204656952109126
3121629411070500897055
2221448809287268096058
324150210252456488108089
25232114209481676053055
34831510208647252872087
219312228094440616114034
216108110072424648101114
10514422010056030463120
24912320811042477640042
3481237007054450457055
228303110184344320114109
34514123209689651280069
1653307421655233687048
1592589207289670443109
153210184226312656113058
13536921610832839266044
36323720410479260852109
237333170108432712123059
153168238138504680122098
1743309810877671235084
99246208128816288125054
20726414619829669653038
21010816015072040879100
357270166098352608110049
16820120009889651243037
159318172204584408100063
22827911815441678449102
198144100216592304112053
11136011411087264842118
141168146188584896118054
36625213008644866453126
23111717012640086487111
15637814021494455265051
174267108136424776124108
201156102224632528111105
20714113412879291257097
177138102094536408118038
29714717210431261650109
30916820022265628853034
2371658210082455271039
18633611417236891268122
36310523218889640048066
14423722809861690485062
24622216406880048853036
20114119416489640053101
15312694166328832110075
17422523216039284847063
13535116610068092869117
35115015610831264037061
147213128188936528101042
27321910213033686452076
15928278236448416106086
240225186066768448106053
342126140212840360107054
19837522610467271255083
21631513809444026467052
171345134076896936111053
12936619417632044874072
29733925010626432854090
1861598607254439242101
16536610814231256864037
3632709808864878446056
18927610811460854460111
16229116223048845650118
324165220166504912116073
225168140088536408110049
19823724209497640054069
363147130142432936101113
177324208208312400125066
30337221824469649644053
31216812020264100055052
36324310016083263243098
35118322624039264059119
18336690138328832104054
25516213413840867237122
1502559814449652847104
19524917623864043244076
2581207022856043290055
144147106230352416114068
21617119609456864834055
16235415220469640888034
32435711407672856082116
246288126122544896101057
228303248110432384107123
255300208100328960106095
23124319214835277650051
16215011424253660066050
162327146138800448122046
12034811415632032887058
285156190166552504113051
9937223216257626451116
33010517621238457654097
13515913010271240089097
2133781181041000704101052
25231513610433638490034
2583279622853632898048
213153124110528672109084
21029711823871252852053
17125221414083256056038
35714124814478469656098
16833611608465683272063
30935419423692838449078
32114423807644842490114
18317123608284868039041
16224611014044042490122
19230924822865638455076
30918317821630499272052
13833682100400720103045
24320188216376408116052
14721676222100842489114
1291089613078466439090
34217120422844845657087
168279250170640888116059
2342616817285687288050
13537523022044085667060
16521611411053699299051
32416876176512328124095
32111111013052097647074
249168198100816312104126
25217723620453638440040
17715317421652844075045
156192176160896664109082
114099112228280880108079
36311166186680376107055
34213821818076860857093
34525870130440544103088
25534520823863262434050
33326172182280416121069
180162100154840848111086
19835421210247231263113
354270106166472536119105
114168162206576656119062
17719218219644081690066
12335722810072092094039
32711418009665659248056
36315021614094456054119
35110219410292049686051
13525592088448848105092
10228523824284056856056
26114717420893645664097
3571808221644064068053
19224010422272066452096
15915318414087287233053
31837224211253650463096
243333102080744824109078
35733080142864344108048
14423424419445652856080
18022298148808488119057
324234120170408408113038
37809915421878442450047
9924611622044080890081
3302169821647269672085
13834218414044831242067
36331884234416584106118
267330170106432424100098
333222188082408384113036
16510513208284841679065
32119818423243233668089
261240148116688872116054
16531510616632035257066
14730024221296070444054
150147140152416872114092
1082437611030463244103
25212013811474444898034
183153124230560624106101
29110214807688891255078
24021372080304800119051
37521622410653685642085
30034220208083245677038
32125210007688830436096
24913520225039292878092
1293398607076860090051
1713037825260089639086
17714417223878470470108
36018314224659297653126
33015911411829684871044
29422819611478458452038
29113520023240896066120
17716810212043254462122
105258178078432768114120
31214113409694432857104
2011508623831277651055
129189110132640840106069
114327156184432792108064
32731517410262453659040
222213160108944392105078
16827317012091241655079
12931814814069696850105
10836015216072082450118
30625813610881699253111
3181358811290460078101
21624625019443229648119
35732110813485662452055
22234220608696858456052
153351108108584288101051
11718021211262469698048
171150210116280784117068
20127019608238437633080
15020719820885628855042
16815621608836840047068
27024911209479272063097
25817115213240096888107
35122224820636858451120
24617123812243259295035
31221622419439284860040
27935118017044883257077
36315315014043268047034
12617114418880895267052
231291140080392392123111
18628821810093640886120
24316222419446442450067
222258108198280968108078
11115013216472859251112
2731569617693628079081
1023126613443260872058
17735421414858445651051
24310810009875272870104
20123766116400616102103
33911415218467241640049
21314421011071241656117
303099146248432600115042
36318011418064028843098
3421148210465642448057
33622216810267239244051
363162232152100040087037
28523417418896098456060
17719213609644083256039
31221611819440093656087
